-14.28 -9.28 -13.9 -1.08 -11.33 -0.99 -11.21 -3.97 -11.03 -4.88 -7.04 -8.96 
-7.05 -8.99 -11.33 -4.97 -11.02 -3.89 -11.3 -1.01 -14.01 1.92 -13.58 3.45 -12.56 3.41 -11.81 5.01 -10.88 5.03 -9.37 7.89 
-7.05 -8.98 -2.01 -6.83 5.21 -4.88 5.26 -3.86 4.75 -1.2 2.53 0.54 
2.53 0.42 1.12 0.56 
1.12 0.48 -0.05 -0.19 -10.26 -0.07 -10.93 -3.8 -11.07 -4.98 -7.18 -9.03 
-7.18 -9.03 -3.5 -7.18 5.22 -4.84 5.08 -3.57 7.93 -2.99 8.31 -9.23 
3.95 0.39 7.85 -2.98 8.35 -9.15 
3.91 0.35 1.29 0.5 
3.88 0.34 -9.24 0.59 
3.91 0.42 0.95 -1.38 
2.47 0.53 0.98 -1.31 
-9.56 0.54 -11.15 -1.39 -11.26 -3.69 -11.33 -5.09 -7.28 -9.13 
-7.28 -9.13 -3.42 -6.6 5.15 -4.97 5.02 -3.99 4.29 0.23 
0.97 -1.36 4.84 -0.7 5.19 -3.75 5.21 -4.92 -2.31 -6.65 -7.02 -9.03 
