8.46 -9.2 8.15 -3.59 5.38 -3.82 5.1 -4.86 4.63 -9.06 
4.63 -9.06 5.3 -4.97 5.27 -3.95 7.74 3.83 6.73 4.0 5.53 4.86 4.9 4.94 3.1 8.77 
4.75 -9.01 5.32 -4.12 5.15 -1.25 2.66 0.55  
2.53 0.42 1.12 0.56 
1.14 0.49 4.81 -0.62 5.23 -4.85 4.7 -8.98 
4.7 -8.98 -10.93 -4.81 -11.02 -1.39 -13.94 -1.07 -14.34 -9.26 
3.95 0.39 7.85 -2.98 8.35 -9.15 
3.91 0.35 1.29 0.5 
3.88 0.34 -9.24 0.59 
-8.3 -1.43 -4.9 -2.47 -2.26 -2.39 0.62 -2.64 2.23 -1.05 3.58 0.35 
2.71 0.51 -1.53 -0.09 -8.67 -0.18 -8.13 -1.3 
-9.59 0.55 -11.01 -3.76 -10.97 -5.03 1.6 -6.57 4.59 -9.03 
4.59 -9.03 5.5 -1.61 3.96 0.39 
-8.3 -1.43 -10.93 -1.63 -11.08 -5.0 1.5 -6.58 4.57 -8.98 
