-14.11 12.32 -14.27 8.89 -14.17 6.69 -14.36 1.03 -15.68 0.97 -20.53 -4.75
-20.53 -4.75 -15.85 0.61 -14.74 0.54 -11.64 0.04 2.67 0.45 
2.53 0.42 1.12 0.56 
1.36 0.5 0.64 -0.04 -8.38 -0.03 -14.58 0.68 -15.37 0.64 -20.53 -4.75
3.91 0.35 1.29 0.5 
3.88 0.34 -9.24 0.59 
3.47 0.36 2.58 -0.04 -4.96 0.18 -5.04 1.24 
2.77 0.44 1.02 -0.1 -1.34 -0.1 -1.45 1.12 
-9.48 0.53 -10.76 0.16 -14.47 0.64 -15.59 0.83 -20.53 -4.75 
-20.53 -4.75 -15.88 0.58 -14.46 0.58 -11.27 -0.13 2.11 -0.47 3.6 0.41 
-5.17 1.26 -5.6 0.1 -11.53 0.02 -14.41 0.43 -15.48 0.74 -20.53 -4.75 
