8.1 12.11 8.27 8.64 7.99 6.5 8.51 0.96 9.91 0.59 15.08 -4.79 
15.08 -4.79 9.7 0.41 8.69 0.38 4.37 -0.64 2.52 0.49 
2.53 0.42 1.12 0.56 
1.14 0.53 1.82 -0.26 8.7 0.61 9.59 0.63 15.08 -4.79 
3.91 0.35 1.29 0.5 
3.88 0.34 -9.24 0.59 
3.72 0.33 -1.41 -0.47 -5.08 0.22 -6.61 1.2 
2.35 0.55 1.17 -0.4 -6.24 -0.25 -6.65 1.02 
-9.24 0.53 -8.12 -0.48 -1.85 -0.58 3.96 -0.81 8.77 0.73 9.71 0.69 15.08 -4.79 
15.08 -4.79 9.78 0.32 8.76 0.34 4.09 0.37 
-6.69 1.19 -5.73 -0.4 -1.89 -0.6 2.74 -0.55 8.58 0.65 9.9 0.69 15.08 -4.79 
